sample_date,station_code,latitude,longitude,chlorophyll,Year,Month,DOY
2016-01-13,SHR,38.53188,-121.528,2.72,2016,1,13
2016-01-28,SHR,38.53188,-121.528,1.53,2016,1,28
2016-02-08,SHR,NA,NA,NA,2016,2,39
2016-02-23,SHR,38.53188,-121.528,3.55,2016,2,54
2016-03-08,SHR,38.53188,-121.528,6.22,2016,3,68
2016-03-17,SHR,38.53188,-121.528,1.95,2016,3,77
2016-03-25,SHR,38.53188,-121.528,4.85,2016,3,85
2016-03-30,SHR,38.53188,-121.528,5.28,2016,3,90
2016-04-07,SHR,38.53188,-121.528,4.54,2016,4,98
2016-04-18,SHR,38.53188,-121.528,3.4,2016,4,109
2016-05-05,SHR,38.53188,-121.528,1.09,2016,5,126
2016-05-20,SHR,38.53188,-121.528,1.18,2016,5,141
2016-05-31,SHR,38.53188,-121.528,1.41,2016,5,152
2016-06-13,SHR,38.53188,-121.528,1.8,2016,6,165
2016-06-29,SHR,38.53188,-121.528,2.19,2016,6,181
2017-01-10,SHR,38.53188,-121.528,2.49,2017,1,10
2017-01-23,SHR,38.53188,-121.528,1.14,2017,1,23
2017-02-07,SHR,38.53188,-121.528,1.48,2017,2,38
2017-02-23,SHR,38.53188,-121.528,0.67,2017,2,54
2017-03-08,SHR,38.53188,-121.528,2.75,2017,3,67
2017-03-21,SHR,38.53188,-121.528,3.2,2017,3,80
2017-04-04,SHR,38.53188,-121.528,6.88,2017,4,94
2017-04-19,SHR,38.53188,-121.528,2.45,2017,4,109
2017-05-04,SHR,38.53188,-121.528,2.87,2017,5,124
2017-05-17,SHR,38.53188,-121.528,2.6,2017,5,137
2017-05-31,SHR,38.53188,-121.528,2.29,2017,5,151
2017-06-13,SHR,38.53188,-121.528,2.8,2017,6,164
2017-06-27,SHR,38.53188,-121.528,2.7,2017,6,178
2018-01-04,SHR,38.53188,-121.528,2.47,2018,1,4
2018-01-18,SHR,38.53188,-121.528,3.23,2018,1,18
2018-01-31,SHR,38.53188,-121.528,2.94,2018,1,31
2018-02-14,SHR,38.53188,-121.528,2.87,2018,2,45
2018-02-27,SHR,38.53188,-121.528,3.36,2018,2,58
2018-03-13,SHR,38.53188,-121.528,3.85,2018,3,72
2018-03-29,SHR,38.53188,-121.528,3.03,2018,3,88
2018-04-11,SHR,38.53188,-121.528,2.73,2018,4,101
2018-04-24,SHR,38.53188,-121.528,5.52,2018,4,114
2018-05-02,SHR,38.53188,-121.528,6.06,2018,5,122
2018-05-16,SHR,38.53188,-121.528,3.32,2018,5,136
2018-05-29,SHR,38.53188,-121.528,4.14,2018,5,149
2018-06-13,SHR,38.53188,-121.528,2.83,2018,6,164
2018-06-27,SHR,38.53188,-121.528,3.75,2018,6,178
2019-01-09,SHR,38.53188,-121.528,5.61,2019,1,9
2019-01-23,SHR,38.53188,-121.528,2.1,2019,1,23
2019-02-04,SHR,38.53188,-121.528,4.66,2019,2,35
2019-02-20,SHR,38.53188,-121.528,1.49,2019,2,51
2019-02-27,SHR,38.53188,-121.528,1.3,2019,2,58
2019-03-12,SHR,38.53188,-121.528,1.28,2019,3,71
2019-03-21,SHR,38.53188,-121.528,4.89,2019,3,80
2019-03-29,SHR,38.53188,-121.528,2.23,2019,3,88
2019-04-04,SHR,38.53188,-121.528,4.08,2019,4,94
2019-04-09,SHR,38.53188,-121.528,2.64,2019,4,99
2019-04-16,SHR,38.53188,-121.528,2.26,2019,4,106
2019-04-23,SHR,38.53188,-121.528,3.76,2019,4,113
2019-05-07,SHR,38.53188,-121.528,0.87,2019,5,127
2019-05-21,SHR,38.53188,-121.528,2.57,2019,5,141
2019-06-04,SHR,38.53188,-121.528,1.93,2019,6,155
2019-06-18,SHR,38.53188,-121.528,1.29,2019,6,169
2016-01-12,STTD,38.35338,-121.643,10.07,2016,1,12
2016-01-27,STTD,38.35338,-121.643,4.29,2016,1,27
2016-02-09,STTD,38.35338,-121.643,7.75,2016,2,40
2016-02-22,STTD,38.35338,-121.643,8.8,2016,2,53
2016-02-29,STTD,NA,NA,NA,2016,2,60
2016-03-07,STTD,38.35338,-121.643,12.7,2016,3,67
2016-03-07,STTD,38.35338,-121.643,NA,2016,3,67
2016-03-18,STTD,38.35338,-121.643,1.75,2016,3,78
2016-03-24,STTD,38.35338,-121.643,67.08,2016,3,84
2016-03-30,STTD,38.35338,-121.643,37.13,2016,3,90
2016-04-08,STTD,38.35338,-121.643,26.3,2016,4,99
2016-04-12,STTD,NA,NA,NA,2016,4,103
2016-04-19,STTD,38.35338,-121.643,18.92,2016,4,110
2016-04-28,STTD,NA,NA,NA,2016,4,119
2016-05-04,STTD,38.35338,-121.643,7.04,2016,5,125
2016-05-19,STTD,38.35338,-121.643,4.59,2016,5,140
2016-06-01,STTD,38.35338,-121.643,5.93,2016,6,153
2016-06-14,STTD,38.35338,-121.643,22.75,2016,6,166
2016-06-30,STTD,38.35338,-121.643,5.63,2016,6,182
2017-01-11,STTD,38.35338,-121.643,1.83,2017,1,11
2017-01-18,STTD,38.35338,-121.643,1.3,2017,1,18
2017-01-24,STTD,38.35338,-121.643,1.19,2017,1,24
2017-02-02,STTD,38.35338,-121.643,2.23,2017,2,33
2017-02-06,STTD,38.35338,-121.643,1.71,2017,2,37
2017-02-16,STTD,38.35338,-121.643,0.83,2017,2,47
2017-02-22,STTD,38.35338,-121.643,0.87,2017,2,53
2017-03-09,STTD,38.35338,-121.643,2.2,2017,3,68
2017-03-14,STTD,38.35338,-121.643,39.09,2017,3,73
2017-03-21,STTD,NA,NA,NA,2017,3,80
2017-03-22,STTD,38.35338,-121.643,18.34,2017,3,81
2017-03-28,STTD,38.35338,-121.643,15.93,2017,3,87
2017-04-05,STTD,38.35338,-121.643,23.37,2017,4,95
2017-04-13,STTD,NA,NA,NA,2017,4,103
2017-04-18,STTD,38.35338,-121.643,5.39,2017,4,108
2017-04-26,STTD,38.35338,-121.643,5.06,2017,4,116
2017-05-05,STTD,38.35338,-121.643,13.62,2017,5,125
2017-05-09,STTD,38.35338,-121.643,28.28,2017,5,129
2017-05-16,STTD,NA,NA,NA,2017,5,136
2017-05-30,STTD,38.35338,-121.643,29.84,2017,5,150
2017-06-12,STTD,38.35338,-121.643,18.23,2017,6,163
2017-06-28,STTD,NA,NA,NA,2017,6,179
2018-01-02,STTD,38.35338,-121.643,27.78,2018,1,2
2018-01-17,STTD,38.35338,-121.643,10.5,2018,1,17
2018-01-30,STTD,38.35338,-121.643,15.54,2018,1,30
2018-02-13,STTD,38.35338,-121.643,11.52,2018,2,44
2018-02-28,STTD,38.35338,-121.643,34.9,2018,2,59
2018-03-14,STTD,38.35338,-121.643,13.66,2018,3,73
2018-03-28,STTD,38.35338,-121.643,14.67,2018,3,87
2018-04-10,STTD,38.35338,-121.643,4.61,2018,4,100
2018-04-25,STTD,NA,NA,NA,2018,4,115
2018-05-01,STTD,38.35338,-121.643,11.5,2018,5,121
2018-05-15,STTD,38.35338,-121.643,3.24,2018,5,135
2018-05-30,STTD,38.35338,-121.643,1.36,2018,5,150
2018-06-12,STTD,NA,NA,NA,2018,6,163
2018-06-26,STTD,38.35338,-121.643,1.72,2018,6,177
2019-01-08,STTD,38.35338,-121.643,4.2,2019,1,8
2019-01-22,STTD,38.35338,-121.643,2.9,2019,1,22
2019-02-05,STTD,38.35338,-121.643,3.65,2019,2,36
2019-02-19,STTD,38.35338,-121.643,1.5,2019,2,50
2019-02-26,STTD,38.35338,-121.643,18.52,2019,2,57
2019-03-11,STTD,38.35338,-121.643,0.97,2019,3,70
2019-03-20,STTD,38.35338,-121.643,11.58,2019,3,79
2019-03-28,STTD,38.35338,-121.643,24.7,2019,3,87
2019-04-03,STTD,38.35338,-121.643,11,2019,4,93
2019-04-08,STTD,38.35338,-121.643,4.81,2019,4,98
2019-04-15,STTD,38.35338,-121.643,3.75,2019,4,105
2019-04-22,STTD,38.35338,-121.643,17.4,2019,4,112
2019-05-06,STTD,38.35338,-121.643,8.87,2019,5,126
2019-05-20,STTD,38.35338,-121.643,10.3,2019,5,140
2019-06-03,STTD,38.35338,-121.643,3.26,2019,6,154
2019-06-17,STTD,38.35338,-121.643,1.48,2019,6,168
2016-01-12,LIS,38.474816,-121.588584,17.7,2016,1,12
2016-01-19,LIS,38.474816,-121.588584,14.62,2016,1,19
2016-01-27,LIS,38.474816,-121.588584,5.64,2016,1,27
2016-02-09,LIS,38.474816,-121.588584,NA,2016,2,40
2016-02-18,LIS,38.474816,-121.588584,16.65,2016,2,49
2016-03-07,LIS,38.474816,-121.588584,15.67,2016,3,67
2016-03-18,LIS,38.474816,-121.588584,1.51,2016,3,78
2016-03-22,LIS,38.474816,-121.588584,NA,2016,3,82
2016-03-30,LIS,38.474816,-121.588584,40.14,2016,3,90
2016-04-06,LIS,38.474816,-121.588584,28.14,2016,4,97
2016-04-18,LIS,38.474816,-121.588584,24.44,2016,4,109
2016-05-04,LIS,38.474816,-121.588584,12.04,2016,5,125
2016-05-19,LIS,38.474816,-121.588584,13.05,2016,5,140
2016-06-01,LIS,38.474816,-121.588584,15.12,2016,6,153
2016-06-14,LIS,38.474816,-121.588584,13.82,2016,6,166
2016-06-20,LIS,NA,NA,NA,2016,6,172
2016-06-28,LIS,38.474816,-121.588584,49.1,2016,6,180
2016-06-30,LIS,38.474816,-121.588584,11.51,2016,6,182
2017-01-11,LIS,38.474816,-121.588584,1.06,2017,1,11
2017-01-18,LIS,38.474816,-121.588584,1.6,2017,1,18
2017-01-24,LIS,38.474816,-121.588584,1.05,2017,1,24
2017-01-31,LIS,38.474816,-121.588584,1.48,2017,1,31
2017-02-06,LIS,38.474816,-121.588584,2.12,2017,2,37
2017-02-22,LIS,38.474816,-121.588584,0.57,2017,2,53
2017-03-09,LIS,38.474816,-121.588584,2.31,2017,3,68
2017-03-14,LIS,38.474816,-121.588584,42.48,2017,3,73
2017-03-22,LIS,38.474816,-121.588584,9.98,2017,3,81
2017-04-05,LIS,38.474816,-121.588584,22.27,2017,4,95
2017-04-18,LIS,38.474816,-121.588584,4.1,2017,4,108
2017-04-26,LIS,38.474816,-121.588584,14.76,2017,4,116
2017-05-03,LIS,38.474816,-121.588584,4.64,2017,5,123
2017-05-16,LIS,38.474816,-121.588584,19.73,2017,5,136
2017-05-30,LIS,38.474816,-121.588584,37.62,2017,5,150
2017-06-12,LIS,38.474816,-121.588584,15.65,2017,6,163
2017-06-21,LIS,38.474816,-121.588584,18.71,2017,6,172
2017-06-28,LIS,NA,NA,NA,2017,6,179
2018-01-02,LIS,38.474816,-121.588584,26.16,2018,1,2
2018-01-17,LIS,38.474816,-121.588584,12.64,2018,1,17
2018-01-30,LIS,38.474816,-121.588584,14.5,2018,1,30
2018-02-13,LIS,38.474816,-121.588584,12.88,2018,2,44
2018-02-28,LIS,38.474816,-121.588584,24.76,2018,2,59
2018-03-14,LIS,38.474816,-121.588584,19.06,2018,3,73
2018-03-28,LIS,38.474816,-121.588584,18.38,2018,3,87
2018-04-10,LIS,38.474816,-121.588584,3.57,2018,4,100
2018-04-25,LIS,38.474816,-121.588584,27.3,2018,4,115
2018-05-01,LIS,38.474816,-121.588584,13.6,2018,5,121
2018-05-15,LIS,38.474816,-121.588584,9.97,2018,5,135
2018-05-30,LIS,38.474816,-121.588584,19.82,2018,5,150
2018-06-12,LIS,38.474816,-121.588584,15.7,2018,6,163
2018-06-26,LIS,38.474816,-121.588584,7.89,2018,6,177
2019-01-08,LIS,38.474816,-121.588584,5.29,2019,1,8
2019-01-22,LIS,38.474816,-121.588584,3.85,2019,1,22
2019-02-05,LIS,38.474816,-121.588584,2.81,2019,2,36
2019-02-19,LIS,38.474816,-121.588584,1.66,2019,2,50
2019-02-26,LIS,38.474816,-121.588584,12.06,2019,2,57
2019-03-11,LIS,38.474816,-121.588584,1.42,2019,3,70
2019-03-20,LIS,38.474816,-121.588584,12.09,2019,3,79
2019-03-28,LIS,38.474816,-121.588584,18.9,2019,3,87
2019-04-03,LIS,38.474816,-121.588584,10.5,2019,4,93
2019-04-08,LIS,38.474816,-121.588584,2.06,2019,4,98
2019-04-15,LIS,38.474816,-121.588584,2.45,2019,4,105
2019-04-22,LIS,38.474816,-121.588584,24.51,2019,4,112
2019-05-06,LIS,38.474816,-121.588584,13.6,2019,5,126
2019-05-20,LIS,38.474816,-121.588584,8.96,2019,5,140
2019-06-03,LIS,38.474816,-121.588584,6.86,2019,6,154
2019-06-17,LIS,38.474816,-121.588584,4,2019,6,168
2016-02-09,LIS,38.474816,-121.588584,8.07,2016,2,40
2016-03-22,LIS,38.474816,-121.588584,NA,2016,3,82
2016-03-22,LIS,38.474816,-121.588584,46.72,2016,3,82
2017-03-14,LIS,38.474816,-121.588584,NA,2017,3,73
2017-06-28,LIS,38.474816,-121.588584,15.37,2017,6,179
2016-02-08,SHR,38.53188,-121.528,1.86,2016,2,39
2016-02-09,STTD,38.35338,-121.643,NA,2016,2,40
2016-06-23,STTD,38.35338,-121.643,28.16,2016,6,175
2017-03-14,STTD,38.35338,-121.643,NA,2017,3,73
2017-04-13,STTD,38.35338,-121.643,7.15,2017,4,103
2017-05-16,STTD,38.35338,-121.643,45.14,2017,5,136
2017-06-28,STTD,38.35338,-121.643,2.47,2017,6,179
2018-04-25,STTD,38.35338,-121.643,16.6,2018,4,115
2018-06-12,STTD,38.35338,-121.643,0.93,2018,6,163
